TYPE: CVRP
DIMENSION: 33
EDGE_WEIGHT_TYPE: EUC_2D
No of trucks: 6, Capacity: 100, Optimal value: 742
1 34 31
 2 45 55
 3 70 80
 4 81 70
 5 85 61
 6 59 55
 7 45 60
 8 50 64
 9 80 64
 10 75 90
 11 25 40
 12 9 66
 13 1 44
 14 50 54
 15 35 45
 16 71 84
 17 1 9
 18 25 54
 19 45 59
 20 45 71
 21 66 84
 22 11 35
 23 81 46
 24 85 10
 25 75 20
 26 15 21
 27 90 45
 28 15 0
 29 31 26
 30 10 95
 31 6 6
 32 51 5
 33 26 36
DEMAND_SECTION 
1 0 
2 26 
3 17 
4 6 
5 15 
6 7 
7 5 
8 15 
9 16 
10 17 
11 1 
12 21 
13 66 
14 25 
15 16 
16 11 
17 7 
18 17 
19 17 
20 22 
21 10 
22 25 
23 16 
24 7 
25 21 
26 11 
27 21 
28 11 
29 21 
30 22 
31 25 
32 2 
33 22 

// Opt
Route #1: 5 2 20 15 9 3 8 4
Route #2: 31 24 23 26 22
Route #3: 17 11 29 19 7
Route #4: 10 12 21
Route #5: 28 27 30 16 25 32
Route #6: 13 6 18 1 14
cost 742